cEGFRi	cEGFR	cERK	
0	0.	0.	0.	
1	0.	0.4	-0.000999999999999	
2	0.0016	0.8	-0.000399999999999	
3	0.0048	1.1999872	0.0018	
4	0.0095999488	1.5999488	0.0055999488	
5	0.015999744	1.99987200041	0.010999744	
6	0.0239992320017	2.39974400246	0.0179992320017	
7	0.0335982080115	2.79955200861	0.0265982080115	
8	0.0447964160459	3.19928322294	0.0367964160459	
9	0.0575935489377	3.59892485161	0.0485935489377	
10	0.0719892483441	3.99846410322	0.0619892483441	
11	0.087983104757	4.39788818924	0.076983104757	
12	0.105574657514	4.7971843244	0.0935746575139	
13	0.124763394812	5.19633972714	0.111763394812	
14	0.14554875372	5.59534161998	0.13154875372	
15	0.1679301202	5.99417722995	0.1529301202	
16	0.19190682912	6.39283378899	0.17590682912	
17	0.217478164276	6.79129853435	0.200478164276	
18	0.244643358413	7.18955870904	0.226643358413	
19	0.27340159325	7.58760156217	0.25440159325	
20	0.303751999498	7.98541434943	0.283751999498	
21	0.335693656896	8.38298433343	0.314693656896	
22	0.36922559423	8.78029878418	0.34722559423	
23	0.404346789366	9.17734497942	0.381346789366	
24	0.441056169284	9.57411020511	0.417056169284	
25	0.479352610104	9.97058175575	0.454352610104	
26	0.519234937127	10.3667469349	0.493234937127	
27	0.560701924867	10.7625930554	0.533701924867	
28	0.603752297088	11.15810744	0.575752297088	
29	0.648384726848	11.5532774216	0.619384726848	
30	0.694597836535	11.9480903438	0.664597836535	
31	0.74239019791	12.3425335611	0.71139019791	
32	0.791760332154	12.7365944396	0.759760332154	
33	0.842706709912	13.1302603569	0.809706709912	
34	0.89522775134	13.5235187032	0.86122775134	
35	0.949321826152	13.9163568812	0.914321826152	
36	1.00498725368	14.3087623066	0.968987253677	
37	1.06222230291	14.7007224086	1.02522230291	
38	1.12102519254	15.0922246301	1.08302519254	
39	1.18139409106	15.4832564286	1.14239409106	
40	1.24332711678	15.8738052759	1.20332711678	
41	1.30682233788	16.2638586589	1.26582233788	
42	1.37187777252	16.6534040802	1.32987777252	
43	1.43849138884	17.0424290581	1.39549138884	
44	1.50666110507	17.4309211269	1.46266110507	
45	1.57638478958	17.8188678381	1.53138478958	
46	1.64766026093	18.2062567598	1.60166026093	
47	1.72048528797	18.5930754777	1.67348528797	
48	1.79485758988	18.9793115954	1.74685758988	
49	1.87077483626	19.3649527347	1.82177483626	
50	1.9482346472	19.749986536	1.8982346472	
51	2.02723459334	20.1344006588	1.97623459334	
52	2.10777219598	20.5181827821	2.05577219598	
53	2.1898449271	20.9013206045	2.1368449271	
54	2.27345020952	21.2838018451	2.21945020952	
55	2.3585854169	21.6656142434	2.3035854169	
56	2.44524787388	22.0467455601	2.38924787388	
57	2.53343485612	22.4271835771	2.47643485612	
58	2.62314359042	22.8069160982	2.56514359042	
59	2.71437125482	23.1859309495	2.65537125482	
60	2.80711497861	23.5642159795	2.74711497861	
61	2.90137184253	23.9417590596	2.84037184253	
62	2.99713887877	24.3185480849	2.93513887877	
63	3.09441307111	24.6945709739	3.03141307111	
64	3.193191355	25.0698156693	3.129191355	
65	3.29347061768	25.4442701385	3.22847061768	
66	3.39524769824	25.8179223735	3.32924769824	
67	3.49851938773	26.1907603919	3.43151938773	
68	3.6032824293	26.5627722368	3.5352824293	
69	3.70953351824	26.9339459774	3.64053351824	
70	3.81726930215	27.3042697093	3.74726930215	
71	3.92648638099	27.6737315548	3.85548638099	
72	4.03718130721	28.0423196638	3.96518130721	
73	4.14935058586	28.4100222133	4.07635058586	
74	4.26299067472	28.7768274086	4.18899067472	
75	4.37809798435	29.1427234832	4.30309798435	
76	4.49466887828	29.5076986994	4.41866887828	
77	4.61269967308	29.8717413483	4.53569967308	
78	4.73218663848	30.234839751	4.65418663848	
79	4.85312599748	30.5969822579	4.77412599748	
80	4.97551392651	30.9581572499	4.89551392651	
81	5.09934655551	31.3183531385	5.01834655551	
82	5.22461996806	31.677558366	5.14261996806	
83	5.35133020153	32.0357614063	5.26833020153	
84	5.47947324715	32.3929507647	5.39547324715	
85	5.60904505021	32.7491149787	5.52404505021	
86	5.74004151012	33.1042426183	5.65404151012	
87	5.8724584806	33.4583222862	5.7854584806	
88	6.00629176974	33.8113426184	5.91829176974	
89	6.14153714022	34.1632922842	6.05253714022	
90	6.27819030935	34.5141599871	6.18819030935	
91	6.4162469493	34.8639344646	6.3252469493	
92	6.55570268716	35.212604489	6.46370268716	
93	6.69655310511	35.5601588675	6.60355310511	
94	6.83879374058	35.9065864427	6.74479374058	
95	6.98242008635	36.2518760927	6.88742008635	
96	7.12742759073	36.5960167321	7.03142759073	
97	7.27381165765	36.9389973113	7.17681165765	
98	7.4215676469	37.2808068181	7.3235676469	
99	7.57069087417	37.6214342769	7.47169087417	
100	7.72117661128	37.9608687499	7.62117661128	
101	7.87302008628	38.299099337	7.77202008628	
102	8.02621648362	38.6361151763	7.92421648362	
103	8.18076094433	38.9719054444	8.07776094433	
104	8.33664856611	39.3064593569	8.23264856611	
105	8.49387440353	39.6397661684	8.38887440353	
106	8.65243346821	39.9718151731	8.54643346821	
107	8.8123207289	40.3025957054	8.7053207289	
108	8.97353111172	40.6320971396	8.86553111172	
109	9.13605950028	40.9603088907	9.02705950028	
110	9.29990073584	41.2872204147	9.18990073584	
111	9.4650496175	41.6128212088	9.3540496175	
112	9.63150090234	41.9371008118	9.51950090234	
113	9.79924930558	42.2600488046	9.68624930558	
114	9.9682895008	42.5816548102	9.8542895008	
115	10.1386161201	42.9019084942	10.0236161201	
116	10.3102237541	43.2207995652	10.1942237541	
117	10.4831069523	43.5383177752	10.3661069523	
118	10.6572602234	43.8544529196	10.5392602234	
119	10.8326780351	44.1691948378	10.7136780351	
120	11.0093548145	44.4825334135	10.8893548145	
121	11.1872849481	44.794458575	11.0662849481	
122	11.3664627824	45.1049602954	11.2444627824	
123	11.5468826236	45.4140285931	11.4238826236	
124	11.728538738	45.7216535321	11.604538738	
125	11.9114253521	46.0278252222	11.7864253521	
126	12.095536653	46.3325338194	11.969536653	
127	12.2808667883	46.6357695262	12.1538667883	
128	12.4674098664	46.9375225919	12.3394098664	
129	12.6551599567	47.237783313	12.5261599567	
130	12.84411109	47.5365420333	12.71411109	
131	13.0342572581	47.8337891446	12.9032572581	
132	13.2255924147	48.1295150865	13.0935924147	
133	13.418110475	48.4237103472	13.285110475	
134	13.6118053164	48.7163654634	13.4778053164	
135	13.8066707783	49.0074710209	13.6716707783	
136	14.0027006624	49.2970176547	13.8667006624	
137	14.199888733	49.5849960494	14.062888733	
138	14.3982287172	49.8713969395	14.2602287172	
139	14.5977143049	50.1562111098	14.4587143049	
140	14.7983391494	50.4394293953	14.6583391494	
141	15.000096867	50.7210426821	14.859096867	
142	15.2029810377	51.0010419072	15.0609810377	
143	15.4069852053	51.2794180589	15.2639852053	
144	15.6121028775	51.5561621772	15.4681028775	
145	15.8183275263	51.8312653542	15.6733275263	
146	16.0256525877	52.104718734	15.8796525877	
147	16.2340714626	52.3765135133	16.0870714626	
148	16.4435775167	52.6466409416	16.2955775167	
149	16.6541640804	52.9150923215	16.5051640804	
150	16.8658244497	53.1818590088	16.7158244497	
151	17.0785518857	53.4469324132	16.9275518857	
152	17.2923396154	53.7103039982	17.1403396154	
153	17.5071808314	53.9719652812	17.3541808314	
154	17.7230686925	54.2319078346	17.5690686925	
155	17.9399963239	54.490123285	17.7849963239	
156	18.157956817	54.7466033144	18.001956817	
157	18.3769432303	55.0013396599	18.2199432303	
158	18.5969485889	55.2543241141	18.4389485889	
159	18.8179658853	55.5055485254	18.6589658853	
160	19.0399880795	55.7550047983	18.8799880795	
161	19.2630080986	56.0026848936	19.1020080986	
162	19.4870188382	56.2485808289	19.3250188382	
163	19.7120131615	56.4926846781	19.5490131615	
164	19.9379839002	56.7349885729	19.7739839002	
165	20.1649238545	56.9754847017	19.9999238545	
166	20.3928257933	57.2141653108	20.2268257933	
167	20.6216824546	57.4510227045	20.4546824546	
168	20.8514865454	57.6860492448	20.6834865454	
169	21.0822307424	57.9192373525	20.9132307424	
170	21.3139076918	58.1505795065	21.1439076918	
171	21.5465100098	58.380068245	21.3755100098	
172	21.7800302828	58.6076961649	21.6080302828	
173	22.0144610675	58.8334559227	21.8414610675	
174	22.2497948911	59.0573402341	22.0757948911	
175	22.4860242521	59.279341875	22.3110242521	
176	22.7231416196	59.499453681	22.5471416196	
177	22.9611394343	59.717668548	22.7841394343	
178	23.2000101085	59.9339794325	23.0220101085	
179	23.4397460262	60.1483793517	23.2607460262	
180	23.6803395436	60.3608613835	23.5003395436	
181	23.9217829892	60.5714186671	23.7407829892	
182	24.1640686638	60.7800444032	23.9820686638	
183	24.4071888415	60.9867318539	24.2241888415	
184	24.6511357689	61.1914743432	24.4671357689	
185	24.8959016662	61.394265257	24.7109016662	
186	25.1414787273	61.5950980437	24.9554787273	
187	25.3878591194	61.7939662139	25.2008591194	
188	25.6350349843	61.9908633409	25.4470349843	
189	25.8829984377	62.185783061	25.6939984377	
190	26.1317415699	62.3787190735	25.9417415699	
191	26.3812564462	62.569665141	26.1902564462	
192	26.6315351068	62.7586150894	26.4395351068	
193	26.8825695671	62.9455628086	26.6895695671	
194	27.1343518184	63.130502252	26.9403518184	
195	27.3868738274	63.3134274375	27.1918738274	
196	27.6401275371	63.4943324469	27.4441275371	
197	27.8941048669	63.6732114266	27.6971048669	
198	28.1487977126	63.8500585876	27.9507977126	
199	28.404197947	64.0248682059	28.205197947	
200	28.6602974198	64.1976346223	28.4602974198	
201	28.9170879583	64.368352243	28.7160879583	
202	29.1745613672	64.5370155393	28.9725613672	
203	29.4327094294	64.7036190484	29.2297094294	
204	29.6915239056	64.868157373	29.4875239056	
205	29.9509965351	65.0306251817	29.7459965351	
206	30.2111190358	65.1910172094	30.0051190358	
207	30.4718831046	65.3493282571	30.2648831046	
208	30.7332804177	65.5055531923	30.5252804177	
209	30.9953026304	65.659686949	30.7863026304	
210	31.2579413782	65.8117245279	31.0479413782	
211	31.5211882763	65.9616609969	31.3101882763	
212	31.7850349203	66.1094914907	31.5730349203	
213	32.0494728863	66.2552112113	31.8364728863	
214	32.3144937311	66.3988154282	32.1004937311	
215	32.5800889929	66.5402994784	32.3650889929	
216	32.8462501908	66.6796587664	32.6302501908	
217	33.1129688258	66.8168887649	32.8959688258	
218	33.3802363809	66.9519850143	33.1622363809	
219	33.648044321	67.0849431233	33.429044321	
220	33.9163840934	67.2157587687	33.6963840934	
221	34.1852471285	67.3444276959	33.9642471285	
222	34.4546248393	67.4709457189	34.2326248393	
223	34.7245086222	67.5953087202	34.5015086222	
224	34.9948898571	67.7175126512	34.7708898571	
225	35.2657599077	67.8375535324	35.0407599077	
226	35.5371101218	67.9554274531	35.3111101218	
227	35.8089318316	68.0711305721	35.5819318316	
228	36.0812163539	68.1846591175	35.8532163539	
229	36.3539549904	68.2960093867	36.1249549904	
230	36.6271390279	68.4051777467	36.3971390279	
231	36.9007597389	68.5121606345	36.6697597389	
232	37.1748083814	68.6169545566	36.9428083814	
233	37.4492761997	68.7195560895	37.2162761997	
234	37.724154424	68.81996188	37.490154424	
235	37.9994342715	68.9181686446	37.7644342715	
236	38.2751069461	69.0141731704	38.0391069461	
237	38.5511636388	69.1079723148	38.3141636388	
238	38.8275955281	69.1995630057	38.5895955281	
239	39.1043937801	69.2889422415	38.8653937801	
240	39.381549549	69.3761070912	39.141549549	
241	39.6590539774	69.4610546949	39.4180539774	
242	39.9368981962	69.543782263	39.6948981962	
243	40.2150733252	69.6242870775	39.9720733252	
244	40.4935704736	69.7025664909	40.2495704736	
245	40.7723807395	69.7786179271	40.5273807395	
246	41.0514952112	69.8524388812	40.8054952112	
247	41.3309049667	69.9240269195	41.0839049667	
248	41.6106010744	69.9933796797	41.3626010744	
249	41.8905745931	70.0604948711	41.6415745931	
250	42.1708165726	70.1253702744	41.9208165726	
251	42.4513180537	70.1880037418	42.2003180537	
252	42.7320700687	70.2483931974	42.4800700687	
253	43.0130636415	70.3065366368	42.7600636415	
254	43.294289788	70.3624321277	43.040289788	
255	43.5757395165	70.4160778094	43.3207395165	
256	43.8574038278	70.4674718933	43.6014038278	
257	44.1392737153	70.5166126626	43.8822737153	
258	44.421340166	70.5634984729	44.163340166	
259	44.7035941599	70.6081277516	44.4445941599	
260	44.9860266709	70.6504989983	44.7260266709	
261	45.2686286669	70.690610785	45.0076286669	
262	45.55139111	70.7284617556	45.28939111	
263	45.8343049571	70.7640506267	45.5713049571	
264	46.1173611596	70.7973761871	45.8533611596	
265	46.4005506643	70.8284372978	46.1355506643	
266	46.6838644135	70.8572328925	46.4178644135	
267	46.9672933451	70.8837619772	46.7002933451	
268	47.250828393	70.9080236304	46.982828393	
269	47.5344604875	70.9300170033	47.2654604875	
270	47.8181805555	70.9497413194	47.5481805555	
271	48.1019795208	70.9671958749	47.8309795208	
272	48.3858483043	70.9823800388	48.1138483043	
273	48.6697778244	70.9952932523	48.3967778244	
274	48.9537589975	71.0059350297	48.6797589975	
275	49.2377827376	71.0143049578	48.9627827376	
276	49.5218399574	71.0204026959	49.2458399574	
277	49.8059215682	71.0242279762	49.5289215682	
278	50.0900184801	71.0257806037	49.8120184801	
279	50.3741216025	71.0250604558	50.0951216025	
280	50.6582218443	71.022067483	50.3782218443	
281	50.9423101143	71.0168017082	50.6613101143	
282	51.2263773211	71.0092632273	50.9443773211	
283	51.510414374	70.9994522088	51.227414374	
284	51.7944121828	70.9873688938	51.5104121828	
285	52.0783616584	70.9730135963	51.7933616584	
286	52.3622537128	70.956386703	52.0762537128	
287	52.6460792596	70.9374886733	52.3590792596	
288	52.9298292143	70.9163200393	52.6418292143	
289	53.2134944945	70.8928814056	52.9244944945	
290	53.4970660201	70.8671734496	53.2070660201	
291	53.7805347139	70.8391969214	53.4895347139	
292	54.0638915016	70.8089526437	53.7718915016	
293	54.3471273121	70.7764415117	54.0541273121	
294	54.6302330782	70.7416644932	54.3362330782	
295	54.9131997362	70.7046226286	54.6181997362	
296	55.1960182267	70.6653170307	54.9000182267	
297	55.4786794948	70.6237488849	55.1816794948	
298	55.7611744903	70.5799194489	55.4631744903	
299	56.0434941681	70.533830053	55.7444941681	
300	56.3256294883	70.4854820997	56.0256294883	
301	56.6075714167	70.4348770638	56.3065714167	
302	56.889310925	70.3820164924	56.587310925	
303	57.170838991	70.326902005	56.867838991	
304	57.452146599	70.2695352931	57.148146599	
305	57.7332247402	70.2099181203	57.4282247402	
306	58.0140644126	70.1480523224	57.7080644126	
307	58.2946566219	70.0839398071	57.9876566219	
308	58.5749923812	70.0175825541	58.2669923812	
309	58.8550627114	69.9489826151	58.5460627114	
310	59.1348586418	69.8781421134	58.8248586418	
311	59.4143712103	69.8050632442	59.1033712103	
312	59.6935914633	69.7297482746	59.3815914633	
313	59.9725104564	69.6521995428	59.6595104564	
314	60.2511192545	69.5724194592	59.9371192545	
315	60.5294089324	69.4904105052	60.2144089324	
316	60.8073705744	69.4061752337	60.4913705744	
317	61.0849952753	69.3197162691	60.7679952753	
318	61.3622741404	69.2310363069	61.0442741404	
319	61.6391982856	69.1401381138	61.3201982856	
320	61.9157588381	69.0470245275	61.5957588381	
321	62.1919469362	68.9516984568	61.8709469362	
322	62.46775373	68.8541628813	62.14575373	
323	62.7431703815	68.7544208515	62.4201703815	
324	63.0181880649	68.6524754884	62.6941880649	
325	63.2927979669	68.5483299839	62.9677979669	
326	63.5669912868	68.4419876002	63.2409912868	
327	63.8407592372	68.3334516699	63.5137592372	
328	64.1140930439	68.222725596	63.7860930439	
329	64.3869839463	68.1098128516	64.0579839463	
330	64.6594231977	67.99471698	64.3294231977	
331	64.9314020656	67.8774415945	64.6004020656	
332	65.202911832	67.7579903779	64.870911832	
333	65.4739437935	67.6363670833	65.1409437935	
334	65.7444892618	67.5125755329	65.4104892618	
335	66.014539564	67.3866196188	65.679539564	
336	66.2840860425	67.2585033023	65.9480860425	
337	66.5531200557	67.128230614	66.2161200557	
338	66.8216329781	66.9958056535	66.4836329781	
339	67.0896162007	66.8612325897	66.7506162007	
340	67.3570611311	66.7245156601	67.0170611311	
341	67.6239591937	66.5856591711	67.2829591937	
342	67.8903018304	66.4446674975	67.5483018304	
343	68.1560805004	66.3015450829	67.8130805004	
344	68.4212866807	66.1562964389	68.0772866807	
345	68.6859118665	66.0089261454	68.3409118665	
346	68.9499475711	65.8594388505	68.6039475711	
347	69.2133853265	65.7078392699	68.8663853265	
348	69.4762166836	65.5541321873	69.1282166836	
349	69.7384332123	65.3983224538	69.3894332123	
350	70.0000265021	65.2404149882	69.6500265021	
351	70.2609881621	65.0804147761	69.9099881621	
352	70.5213098212	64.9183268708	70.1693098212	
353	70.7809831287	64.7541563923	70.4279831287	
354	71.0399997542	64.5879085272	70.6859997542	
355	71.2983513883	64.4195885292	70.9433513883	
356	71.5560297425	64.2492017181	71.2000297425	
357	71.8130265493	64.0767534802	71.4560265493	
358	72.0693335632	63.9022492678	71.7113335632	
359	72.3249425603	63.7256945993	71.9659425603	
360	72.5798453387	63.5470950588	72.2198453387	
361	72.8340337189	63.3664562961	72.4730337189	
362	73.0874995441	63.1837840263	72.7254995441	
363	73.3402346802	62.99908403	72.9772346802	
364	73.5922310164	62.8123621525	73.2282310164	
365	73.843480465	62.6236243044	73.478480465	
366	74.0939749622	62.4328764607	73.7279749622	
367	74.343706468	62.240124661	73.976706468	
368	74.5926669667	62.0453750092	74.2246669667	
369	74.8408484667	61.8486336735	74.4718484667	
370	75.0882430014	61.6499068858	74.7182430014	
371	75.3348426289	61.4492009418	74.9638426289	
372	75.5806394327	61.2465222007	75.2086394327	
373	75.8256255215	61.0418770853	75.4526255215	
374	76.0697930299	60.8352720811	75.6957930299	
375	76.3131341182	60.6267137369	75.9381341182	
376	76.5556409731	60.4162086639	76.1796409731	
377	76.7973058078	60.2037635361	76.4203058078	
378	77.0381208619	59.9893850897	76.6601208619	
379	77.2780784023	59.7730801228	76.8990784023	
380	77.5171707228	59.5548554956	77.1371707228	
381	77.7553901448	59.3347181298	77.3743901448	
382	77.9927290173	59.1126750086	77.6107290173	
383	78.2291797173	58.8887331765	77.8461797173	
384	78.46473465	58.6628997387	78.08073465	
385	78.699386249	58.4351818615	78.314386249	
386	78.9331269764	58.2055867715	78.5471269764	
387	79.1659493235	57.9741217557	78.7789493235	
388	79.3978458105	57.7407941611	79.0098458105	
389	79.6288089872	57.5056113947	79.2398089872	
390	79.8588314327	57.2685809228	79.4688314327	
391	80.0879057564	57.0297102713	79.6969057564	
392	80.3160245975	56.7890070253	79.9240245975	
393	80.5431806256	56.5464788285	80.1501806256	
394	80.7693665409	56.3021333835	80.3753665409	
395	80.9945750745	56.0559784511	80.5995750745	
396	81.2187989883	55.8080218505	80.8227989883	
397	81.4420310757	55.5582714586	81.0450310757	
398	81.6642641615	55.30673521	81.2662641615	
399	81.8854911024	55.0534210967	81.4864911024	
400	82.1057047867	54.7983371679	81.7057047867	
401	82.3248981354	54.5414915296	81.9238981354	
402	82.5430641015	54.2828923445	82.1410641015	
403	82.7601956709	54.0225478317	82.3571956709	
404	82.9762858622	53.7604662664	82.5722858622	
405	83.1913277273	53.4966559795	82.7863277273	
406	83.4053143512	53.2311253577	82.9993143512	
407	83.6182388526	52.9638828428	83.2112388526	
408	83.830094384	52.694936932	83.422094384	
409	84.0408741317	52.424296177	83.6318741317	
410	84.2505713165	52.1519691839	83.8405713165	
411	84.4591791932	51.8779646134	84.0481791932	
412	84.6666910516	51.6022911798	84.2546910516	
413	84.8731002164	51.3249576514	84.4601002164	
414	85.078400047	51.0459728497	84.664400047	
415	85.2825839384	50.7653456493	84.8675839384	
416	85.485645321	50.4830849778	85.069645321	
417	85.6875776609	50.1991998152	85.2705776609	
418	85.8883744601	49.9136991939	85.4703744601	
419	86.0880292569	49.6265921983	85.6690292569	
420	86.2865356257	49.3378879642	85.8665356257	
421	86.4838871776	49.0475956792	86.0628871776	
422	86.6800775603	48.7557245818	86.2580775603	
423	86.8751004586	48.4622839613	86.4521004586	
424	87.0689495944	48.1672831576	86.6449495944	
425	87.2616187271	47.8707315609	86.8366187271	
426	87.4531016533	47.5726386111	87.0271016533	
427	87.6433922078	47.2730137978	87.2163922078	
428	87.832484263	46.9718666602	87.404484263	
429	88.0203717296	46.6692067861	87.5913717296	
430	88.2070485567	46.3650438122	87.7770485567	
431	88.392508732	46.0593874238	87.961508732	
432	88.5767462817	45.7522473539	88.1447462817	
433	88.7597552711	45.4436333837	88.3267552711	
434	88.9415298046	45.1335553415	88.5075298046	
435	89.122064026	44.8220231031	88.687064026	
436	89.3013521184	44.5090465909	88.8653521184	
437	89.4793883048	44.1946357739	89.0423883048	
438	89.6561668479	43.8788006675	89.2181668479	
439	89.8316820505	43.5615513327	89.3926820505	
440	90.0059282559	43.2428978763	89.5659282559	
441	90.1788998474	42.9228504502	89.7378998474	
442	90.3505912492	42.6014192515	89.9085912492	
443	90.5209969262	42.2786145215	90.0779969262	
444	90.6901113843	41.9544465461	90.2461113843	
445	90.8579291705	41.628925655	90.4129291705	
446	91.0244448731	41.3020622216	90.5784448731	
447	91.189653122	40.9738666626	90.742653122	
448	91.3535485886	40.6443494377	90.9055485886	
449	91.5161259864	40.313521049	91.0671259864	
450	91.6773800706	39.9813920411	91.2273800706	
451	91.8373056387	39.6479730005	91.3863056387	
452	91.9958975307	39.3132745554	91.5438975307	
453	92.1531506289	38.9773073751	91.7001506289	
454	92.3090598584	38.6400821701	91.8550598584	
455	92.4636201871	38.3016096912	92.0086201871	
456	92.6168266259	37.9619007297	92.1608266259	
457	92.7686742288	37.6209661167	92.3116742288	
458	92.9191580933	37.2788167229	92.4611580933	
459	93.0682733602	36.9354634582	92.6092733602	
460	93.216015214	36.5909172713	92.756015214	
461	93.3623788831	36.2451891496	92.9013788831	
462	93.5073596397	35.8982901185	93.0453596397	
463	93.6509528002	35.5502312414	93.1879528002	
464	93.7931537251	35.201023619	93.3291537251	
465	93.9339578196	34.8506783892	93.4689578196	
466	94.0733605332	34.4992067266	93.6073605332	
467	94.2113573601	34.1466198424	93.7443573601	
468	94.3479438394	33.7929289835	93.8799438394	
469	94.4831155554	33.4381454328	94.0141155554	
470	94.6168681371	33.0822805083	94.1468681371	
471	94.7491972591	32.7253455632	94.2781972591	
472	94.8800986414	32.3673519852	94.4080986414	
473	95.0095680493	32.008311196	94.5365680493	
474	95.1376012941	31.6482346516	94.6636012941	
475	95.2641942327	31.2871338413	94.7891942327	
476	95.3893427681	30.9250202874	94.9133427681	
477	95.5130428492	30.5619055453	95.0360428492	
478	95.6352904714	30.1978012025	95.1572904714	
479	95.7560816762	29.8327188787	95.2770816762	
480	95.8754125517	29.4666702253	95.3954125517	
481	95.9932792326	29.0996669249	95.5122792326	
482	96.1096779003	28.731720691	95.6276779003	
483	96.2246047831	28.3628432678	95.7416047831	
484	96.3380561562	27.9930464296	95.8540561562	
485	96.4500283419	27.6223419803	95.9650283419	
486	96.5605177098	27.2507417536	96.0745177098	
487	96.6695206768	26.8782576119	96.1825206768	
488	96.7770337073	26.5049014465	96.2890337073	
489	96.8830533131	26.1306851768	96.3940533131	
490	96.9875760538	25.7556207503	96.4975760538	
491	97.0905985368	25.3797201419	96.5995985368	
492	97.1921174173	25.0029953536	96.7001174173	
493	97.2921293987	24.6254584143	96.7991293987	
494	97.3906312324	24.2471213791	96.8966312324	
495	97.4876197179	23.8679963292	96.9926197179	
496	97.5830917032	23.4880953715	97.0870917032	
497	97.6770440847	23.1074306379	97.1800440847	
498	97.7694738073	22.7260142852	97.2714738073	
499	97.8603778644	22.3438584947	97.3613778644	
500	97.9497532984	21.9609754718	97.4497532984	
501	98.0375972003	21.5773774454	97.5365972003	
502	98.1239067101	21.1930766678	97.6219067101	
503	98.2086790167	20.8080854141	97.7056790167	
504	98.2919113584	20.422415982	97.7879113584	
505	98.3736010223	20.0360806911	97.8686010223	
506	98.4537453451	19.649091883	97.9477453451	
507	98.5323417126	19.2614619202	98.0253417126	
508	98.6093875603	18.8732031865	98.1013875603	
509	98.684880373	18.484328086	98.175880373	
510	98.7588176854	18.094849043	98.2488176854	
511	98.8311970815	17.7047785015	98.3201970815	
512	98.9020161956	17.3141289249	98.3900161956	
513	98.9712727113	16.9229127953	98.4582727113	
514	99.0389643624	16.5311426136	98.5249643624	
515	99.1050889329	16.1388308987	98.5900889329	
516	99.1696442565	15.7459901873	98.6536442565	
517	99.2326282172	15.3526330332	98.7156282172	
518	99.2940387494	14.9587720075	98.7760387494	
519	99.3538738374	14.5644196975	98.8348738374	
520	99.4121315162	14.1695887068	98.8921315162	
521	99.468809871	13.7742916547	98.947809871	
522	99.5239070376	13.3785411757	99.0019070376	
523	99.5774212023	12.9823499194	99.0544212023	
524	99.629350602	12.5857305498	99.105350602	
525	99.6796935242	12.188695745	99.1546935242	
526	99.7284483072	11.7912581968	99.2024483072	
527	99.77561334	11.3934306103	99.24861334	
528	99.8211870624	10.9952257036	99.2931870624	
529	99.8651679652	10.5966562071	99.3361679652	
530	99.9075545901	10.1977348634	99.3775545901	
531	99.9483455295	9.79847442661	99.4173455295	
532	99.9875394272	9.39888766237	99.4555394272	
533	100.025134978	8.99898734696	99.4921349779	
534	100.061130928	8.59878626713	99.5271309273	
535	100.095526073	8.19829721972	99.5605260723	
536	100.128319262	7.79753301114	99.5923192612	
537	100.159509394	7.39650645705	99.6225093932	
538	100.18909542	6.9952303819	99.6510954191	
539	100.217076341	6.59371761855	99.6780763406	
540	100.243451212	6.19198100783	99.7034512111	
541	100.268219136	5.79003339814	99.7272191351	
542	100.291379269	5.38788764506	99.7493792687	
543	100.31293082	4.98555661091	99.7699308193	
544	100.332873046	4.58305316435	99.7888730457	
545	100.351205259	4.18039017999	99.8062052584	
546	100.36792682	3.77758053792	99.8219268191	
547	100.383037142	3.37463712337	99.8360371413	
548	100.39653569	2.97157282624	99.8485356897	
549	100.408421982	2.56840054072	99.8594219811	
550	100.418695584	2.16513316488	99.8686955832	
551	100.427356116	1.76178360021	99.8763561159	
552	100.434403251	1.35836475128	99.8824032503	
553	100.43983671	0.954889525277	99.8868367093	
554	100.443656268	0.551370831603	99.8896562674	
555	100.445861751	0.147821581464	99.8908617507	
556	100.446453037	-0.255745312541	99.890453037	
557	100.445430056	-0.659316936837	99.8884300558	
558	100.442792788	-1.06288037728	99.884792788	
559	100.438541267	-1.46642271958	99.8795412665	
560	100.432675576	-1.86993104971	99.8726755757	
561	100.425195852	-2.27339245432	99.8641958515	
562	100.416102282	-2.67679402113	99.8541022816	
563	100.405395106	-3.08012283938	99.8423951055	
564	100.393074615	-3.48336600023	99.8290746142	
565	100.379141151	-3.88651059714	99.8141411502	
566	100.363595108	-4.28954372634	99.7975951078	
567	100.346436933	-4.6924524872	99.7794369329	
568	100.327667123	-5.09522398267	99.7596671229	
569	100.307286227	-5.49784531965	99.738286227	
570	100.285294846	-5.90030360946	99.7152948457	
571	100.261693632	-6.30258596823	99.6906936313	
572	100.236483288	-6.70467951728	99.6644832874	
573	100.20966457	-7.10657138358	99.6366645694	
574	100.181238284	-7.50824870013	99.6072382838	
575	100.151205289	-7.9096986064	99.576205289	
576	100.119566495	-8.31090824872	99.5435664946	
577	100.086322862	-8.71186478067	99.5093228616	
578	100.051475403	-9.11255536356	99.4734754025	
579	100.015025181	-9.51296716678	99.436025181	
580	99.9769733124	-9.91308736823	99.3969733124	
581	99.9373209629	-10.3129031547	99.3563209629	
582	99.8960693503	-10.7124017224	99.3140693503	
583	99.8532197434	-11.1115702772	99.2702197434	
584	99.8087734623	-11.5103960351	99.2247734623	
585	99.7627318781	-11.9088662228	99.1777318781	
586	99.7150964132	-12.3069680779	99.1290964132	
587	99.6658685409	-12.7046888492	99.0788685409	
588	99.6150497855	-13.1020157975	99.0270497855	
589	99.5626417223	-13.4989361958	98.9736417223	
590	99.5086459776	-13.8954373296	98.9186459776	
591	99.4530642282	-14.2915064974	98.8620642282	
592	99.3958982022	-14.6871310112	98.8038982022	
593	99.3371496782	-15.0822981968	98.7441496782	
594	99.2768204854	-15.4769953942	98.6828204854	
595	99.2149125038	-15.8712099581	98.6199125038	
596	99.151427664	-16.2649292582	98.555427664	
597	99.086367947	-16.6581406795	98.489367947	
598	99.0197353843	-17.050831623	98.4217353843	
599	98.9515320578	-17.4429895061	98.3525320578	
600	98.8817600997	-17.8346017626	98.2817600997	
601	98.8104216927	-18.2256558434	98.2094216927	
602	98.7375190693	-18.6161392169	98.1355190693	
603	98.6630545124	-19.0060393695	98.0600545124	
604	98.587030355	-19.3953438056	97.983030355	
605	98.5094489797	-19.7840400484	97.9044489797	
606	98.4303128196	-20.1721156402	97.8243128196	
607	98.349624357	-20.5595581428	97.742624357	
608	98.2673861244	-20.9463551377	97.6593861244	
609	98.1836007039	-21.3324942267	97.5746007039	
610	98.098270727	-21.7179630323	97.488270727	
611	98.0113988748	-22.1027491981	97.4003988748	
612	97.922987878	-22.4868403891	97.310987878	
613	97.8330405165	-22.8702242921	97.2200405165	
614	97.7415596193	-23.2528886163	97.1275596193	
615	97.6485480648	-23.6348210932	97.0335480648	
616	97.5540087805	-24.0160094777	96.9380087805	
617	97.4579447426	-24.396441548	96.8409447426	
618	97.3603589764	-24.7761051059	96.7423589764	
619	97.2612545559	-25.1549879777	96.6422545559	
620	97.160634604	-25.5330780142	96.540634604	
621	97.058502292	-25.910363091	96.437502292	
622	96.9548608396	-26.2868311093	96.3328608396	
623	96.8497135152	-26.662469996	96.2267135152	
624	96.7430636352	-27.0372677042	96.1190636352	
625	96.6349145644	-27.4112122133	96.0099145644	
626	96.5252697155	-27.7842915298	95.8992697155	
627	96.4141325494	-28.1564936875	95.7871325494	
628	96.3015065747	-28.5278067479	95.6735065747	
629	96.1873953477	-28.8982188005	95.5583953477	
630	96.0718024725	-29.2677179633	95.4418024725	
631	95.9547316006	-29.636292383	95.3237316006	
632	95.8361864311	-30.0039302358	95.2041864311	
633	95.7161707101	-30.3706197273	95.0831707101	
634	95.5946882312	-30.736349093	94.9606882312	
635	95.4717428348	-31.1011065988	94.8367428348	
636	95.3473384085	-31.4648805415	94.7113384085	
637	95.2214788863	-31.8276592488	94.5844788863	
638	95.0941682493	-32.1894310799	94.4561682493	
639	94.965410525	-32.5501844259	94.326410525	
640	94.8352097873	-32.9099077101	94.1952097873	
641	94.7035701564	-33.2685893884	94.0625701564	
642	94.5704957989	-33.6262179496	93.9284957989	
643	94.4359909271	-33.982781916	93.7929909271	
644	94.3000597994	-34.3382698434	93.6560597994	
645	94.16270672	-34.6926703218	93.51770672	
646	94.0239360388	-35.0459719756	93.3779360388	
647	93.8837521508	-35.3981634639	93.2367521508	
648	93.742159497	-35.7492334811	93.094159497	
649	93.5991625631	-36.0991707571	92.9501625631	
650	93.45476588	-36.4479640576	92.80476588	
651	93.3089740238	-36.7956021846	92.6579740238	
652	93.1617916151	-37.1420739768	92.5097916151	
653	93.0132233192	-37.4873683097	92.3602233192	
654	92.8632738459	-37.8314740963	92.2092738459	
655	92.7119479495	-38.174380287	92.0569479495	
656	92.5592504284	-38.5160758706	91.9032504284	
657	92.4051861249	-38.8565498741	91.7481861249	
658	92.2497599254	-39.1957913631	91.5917599254	
659	92.09297676	-39.5337894425	91.43397676	
660	91.9348416022	-39.8705332565	91.2748416022	
661	91.7753594692	-40.2060119894	91.1143594692	
662	91.6145354212	-40.5402148651	90.9525354212	
663	91.4523745617	-40.8731311485	90.7893745617	
664	91.2888820372	-41.204750145	90.6248820372	
665	91.1240630366	-41.5350612013	90.4590630366	
666	90.9579227918	-41.8640537056	90.2919227918	
667	90.7904665769	-42.1917170879	90.1234665769	
668	90.6216997086	-42.5180408205	89.9536997086	
669	90.4516275453	-42.8430144182	89.7826275453	
670	90.2802554876	-43.1666274385	89.6102554876	
671	90.1075889779	-43.4888694824	89.4365889779	
672	89.9336335	-43.8097301943	89.2616335	
673	89.7583945792	-44.1291992623	89.0853945792	
674	89.5818777821	-44.4472664189	88.9078777821	
675	89.4040887164	-44.7639214411	88.7290887164	
676	89.2250330307	-45.0791541509	88.5490330307	
677	89.0447164141	-45.3929544151	88.3677164141	
678	88.8631445964	-45.7053121464	88.1851445964	
679	88.6803233478	-46.0162173032	88.0013233478	
680	88.4962584786	-46.32565989	87.8162584786	
681	88.3109558391	-46.6336299578	87.6299558391	
682	88.1244213192	-46.9401176045	87.4424213192	
683	87.9366608488	-47.2451129751	87.2536608488	
684	87.7476803969	-47.5486062619	87.0636803969	
685	87.5574859719	-47.850587705	86.8724859719	
686	87.366083621	-48.1510475928	86.680083621	
687	87.1734794307	-48.4499762618	86.4864794307	
688	86.9796795256	-48.7473640972	86.2916795256	
689	86.7846900692	-49.0432015334	86.0956900692	
690	86.5885172631	-49.337479054	85.8985172631	
691	86.3911673469	-49.6301871921	85.7001673469	
692	86.1926465981	-49.9213165309	85.5006465981	
693	85.992961332	-50.2108577037	85.299961332	
694	85.7921179012	-50.4988013943	85.0981179012	
695	85.5901226956	-50.7851383375	84.8951226956	
696	85.3869821423	-51.0698593191	84.6909821423	
697	85.182702705	-51.3529551762	84.485702705	
698	84.9772908843	-51.6344167979	84.2792908843	
699	84.7707532171	-51.9142351249	84.0717532171	
700	84.5630962766	-52.1924011507	83.8630962766	
701	84.354326672	-52.4689059209	83.653326672	
702	84.1444510483	-52.7437405343	83.4424510483	
703	83.9334760862	-53.0168961426	83.2304760862	
704	83.7214085016	-53.2883639513	83.0174085016	
705	83.5082550458	-53.5581352193	82.8032550458	
706	83.2940225049	-53.8262012597	82.5880225049	
707	83.0787176999	-54.0925534398	82.3717176999	
708	82.8623474861	-54.3571831813	82.1543474861	
709	82.6449187534	-54.6200819612	81.9359187534	
710	82.4264384255	-54.8812413113	81.7164384255	
711	82.2069134603	-55.1406528187	81.4959134603	
712	81.986350849	-55.3983081264	81.274350849	
713	81.7647576165	-55.6541989331	81.0517576165	
714	81.5421408208	-55.9083169941	80.8281408208	
715	81.3185075528	-56.1606541206	80.6035075528	
716	81.0938649363	-56.4112021811	80.3778649363	
717	80.8682201276	-56.6599531006	80.1512201276	
718	80.6415803152	-56.9068988616	79.9235803152	
719	80.4139527197	-57.1520315041	79.6949527197	
720	80.1853445937	-57.3953431259	79.4653445937	
721	79.9557632212	-57.6368258826	79.2347632212	
722	79.7252159177	-57.8764719884	79.0032159177	
723	79.4937100297	-58.1142737157	78.7707100297	
724	79.2612529349	-58.3502233959	78.5372529349	
725	79.0278520413	-58.5843134194	78.3028520413	
726	78.7935147876	-58.8165362358	78.0675147876	
727	78.5582486427	-59.0468843541	77.8312486427	
728	78.3220611052	-59.2753503432	77.5940611052	
729	78.0849597039	-59.501926832	77.3559597039	
730	77.8469519965	-59.7266065097	77.1169519965	
731	77.6080455705	-59.9493821256	76.8770455705	
732	77.368248042	-60.1702464902	76.636248042	
733	77.127567056	-60.3891924745	76.394567056	
734	76.8860102861	-60.606213011	76.1520102861	
735	76.6435854341	-60.8213010933	75.9085854341	
736	76.4003002297	-61.0344497768	75.6643002297	
737	76.1561624306	-61.2456521786	75.4191624306	
738	75.9111798219	-61.454901478	75.1731798219	
739	75.665360216	-61.6621909166	74.926360216	
740	75.4187114523	-61.8675137983	74.6787114523	
741	75.1712413971	-62.07086349	74.4302413971	
742	74.9229579432	-62.2722334211	74.1809579432	
743	74.6738690095	-62.4716170847	73.9308690095	
744	74.4239825412	-62.6690080368	73.6799825412	
745	74.173306509	-62.8643998971	73.428306509	
746	73.9218489094	-63.0577863492	73.1758489094	
747	73.669617764	-63.2491611404	72.922617764	
748	73.4166211195	-63.4385180825	72.6686211195	
749	73.1628670471	-63.6258510515	72.4138670471	
750	72.9083636429	-63.8111539879	72.1583636429	
751	72.653119027	-63.994420897	71.902119027	
752	72.3971413434	-64.1756458492	71.6451413434	
753	72.14043876	-64.35482298	71.38743876	
754	71.8830194681	-64.5319464901	71.1290194681	
755	71.6248916821	-64.7070106458	70.8698916821	
756	71.3660636395	-64.8800097793	70.6100636395	
757	71.1065436004	-65.0509382884	70.3495436004	
758	70.8463398472	-65.2197906372	70.0883398472	
759	70.5854606847	-65.386561356	69.8264606847	
760	70.3239144393	-65.5512450414	69.5639144393	
761	70.0617094591	-65.7138363569	69.3007094591	
762	69.7988541137	-65.8743300326	69.0368541137	
763	69.5353567936	-66.0327208655	68.7723567936	
764	69.2712259101	-66.1890037199	68.5072259101	
765	69.0064698952	-66.3431735272	68.2414698952	
766	68.7410972011	-66.4952252863	67.9750972011	
767	68.4751163	-66.6451540639	67.7081163	
768	68.2085356837	-66.7929549943	67.4405356837	
769	67.9413638637	-66.9386232798	67.1723638637	
770	67.6736093706	-67.0821541907	66.9036093706	
771	67.4052807538	-67.2235430657	66.6342807538	
772	67.1363865816	-67.3627853117	66.3643865816	
773	66.8669354403	-67.4998764043	66.0939354403	
774	66.5969359347	-67.6348118879	65.8229359347	
775	66.3263966872	-67.7675873753	65.5513966872	
776	66.0553263377	-67.8981985488	65.2793263377	
777	65.7837335435	-68.0266411595	65.0067335435	
778	65.5116269788	-68.1529110279	64.7336269788	
779	65.2390153347	-68.2770040437	64.4600153347	
780	64.9659073185	-68.3989161664	64.1859073185	
781	64.6923116539	-68.5186434249	63.9113116539	
782	64.4182370802	-68.6361819182	63.6362370802	
783	64.1436923525	-68.7515278148	63.3606923525	
784	63.8686862412	-68.8646773536	63.0846862412	
785	63.5932275318	-68.9756268436	62.8082275318	
786	63.3173250245	-69.0843726638	62.5313250245	
787	63.0409875338	-69.190911264	62.2539875338	
788	62.7642238887	-69.2952391643	61.9762238887	
789	62.4870429321	-69.3973529554	61.6980429321	
790	62.2094535203	-69.4972492989	61.4194535203	
791	61.9314645231	-69.594924927	61.1404645231	
792	61.6530848234	-69.6903766432	60.8610848234	
793	61.3743233168	-69.7836013218	60.5813233168	
794	61.0951889115	-69.8745959083	60.3011889115	
795	60.8156905279	-69.9633574196	60.0206905279	
796	60.5358370982	-70.0498829438	59.7398370982	
797	60.2556375664	-70.1341696406	59.4586375664	
798	59.9751008878	-70.2162147411	59.1771008878	
799	59.6942360289	-70.2960155483	58.8952360289	
800	59.4130519667	-70.3735694365	58.6130519667	
801	59.1315576889	-70.4488738522	58.3305576889	
802	58.8497621935	-70.5219263137	58.0477621935	
803	58.5676744883	-70.5927244113	57.7646744883	
804	58.2853035906	-70.6612658072	57.4813035906	
805	58.0026585274	-70.7275482359	57.1976585274	
806	57.7197483345	-70.7915695041	56.9137483345	
807	57.4365820564	-70.8533274908	56.6295820564	
808	57.1531687465	-70.9128201472	56.3451687465	
809	56.8695174659	-70.9700454972	56.0605174659	
810	56.5856372839	-71.0250016369	55.7756372839	
811	56.3015372774	-71.0776867352	55.4905372774	
812	56.0172265304	-71.1280990334	55.2052265304	
813	55.7327141343	-71.1762368457	54.9197141343	
814	55.4480091869	-71.2220985588	54.6340091869	
815	55.1631207927	-71.2656826322	54.3481207927	
816	54.8780580621	-71.3069875986	54.0620580621	
817	54.5928301117	-71.3460120631	53.7758301117	
818	54.3074460635	-71.382754704	53.4894460635	
819	54.0219150447	-71.4172142725	53.2029150447	
820	53.7362461876	-71.4493895928	52.9162461876	
821	53.4504486292	-71.4792795623	52.6294486292	
822	53.164531511	-71.5068831514	52.342531511	
823	52.8785039784	-71.5321994035	52.0555039784	
824	52.5923751807	-71.5552274353	51.7683751807	
825	52.306154271	-71.5759664367	51.481154271	
826	52.0198504052	-71.5944156709	51.1938504052	
827	51.7334727426	-71.6105744741	50.9064727426	
828	51.4470304447	-71.6244422561	50.6190304447	
829	51.1605326756	-71.6360184996	50.3315326756	
830	50.8739886016	-71.645302761	50.0439886016	
831	50.5874073906	-71.6522946699	49.7564073906	
832	50.3007982119	-71.656993929	49.4687982119	
833	50.0141702362	-71.6594003147	49.1811702362	
834	49.7275326349	-71.6595136766	48.8935326349	
835	49.4408945802	-71.6573339376	48.6058945802	
836	49.1542652445	-71.6528610943	48.3182652445	
837	48.8676538001	-71.6460952162	48.0306538001	
838	48.5810694192	-71.6370364466	47.7430694192	
839	48.2945212735	-71.625685002	47.4555212735	
840	48.0080185335	-71.6120411722	47.1680185335	
841	47.7215703688	-71.5961053205	46.8805703688	
842	47.4351859475	-71.5778778834	46.5931859475	
843	47.1488744359	-71.557359371	46.3058744359	
844	46.8626449985	-71.5345503665	46.0186449985	
845	46.576506797	-71.5094515265	45.731506797	
846	46.2904689909	-71.4820635808	45.4444689909	
847	46.0045407366	-71.4523873328	45.1575407366	
848	45.7187311872	-71.4204236587	44.8707311872	
849	45.4330494926	-71.3861735081	44.5840494926	
850	45.1475047986	-71.3496379041	44.2975047986	
851	44.862106247	-71.3108179425	44.011106247	
852	44.5768629752	-71.2697147925	43.7248629752	
853	44.291784116	-71.2263296963	43.438784116	
854	44.0068787972	-71.1806639692	43.1528787972	
855	43.7221561413	-71.1327189996	42.8671561413	
856	43.4376252653	-71.0824962487	42.5816252653	
857	43.1532952804	-71.0299972508	42.2962952804	
858	42.8691752914	-70.9752236131	42.0111752914	
859	42.5852743969	-70.9181770154	41.7262743969	
860	42.3016016888	-70.8588592106	41.4416016888	
861	42.018166252	-70.7972720241	41.157166252	
862	41.7349771639	-70.7334173541	40.8729771639	
863	41.4520434945	-70.6672971714	40.5890434945	
864	41.1693743058	-70.5989135194	40.3053743058	
865	40.8869786517	-70.5282685138	40.0219786517	
866	40.6048655777	-70.455364343	39.7388655777	
867	40.3230441203	-70.3802032676	39.4560441203	
868	40.0415233072	-70.3027876206	39.1735233072	
869	39.7603121567	-70.2231198071	38.8913121567	
870	39.4794196775	-70.1412023043	38.6094196775	
871	39.1988548683	-70.0570376617	38.3278548683	
872	38.9186267176	-69.9706285007	38.0466267176	
873	38.6387442036	-69.8819775144	37.7657442036	
874	38.3592162936	-69.791087468	37.4852162936	
875	38.0800519437	-69.6979611984	37.2050519437	
876	37.8012600989	-69.6026016139	36.9252600989	
877	37.5228496925	-69.5050116947	36.6458496925	
878	37.2448296457	-69.4051944923	36.3668296457	
879	36.9672088677	-69.3031531294	36.0882088677	
880	36.6899962552	-69.1988908004	35.8099962552	
881	36.413200692	-69.0924107704	35.532200692	
882	36.1368310489	-68.9837163759	35.2548310489	
883	35.8608961834	-68.8728110243	34.9778961834	
884	35.5854049393	-68.7596981938	34.7014049393	
885	35.3103661465	-68.6443814333	34.4253661465	
886	35.0357886208	-68.5268643625	34.1497886208	
887	34.7616811634	-68.4071506715	33.8746811634	
888	34.4880525607	-68.2852441208	33.6000525607	
889	34.2149115842	-68.1611485413	33.3259115842	
890	33.94226699	-68.0348678339	33.05226699	
891	33.6701275187	-67.9064059698	32.7791275187	
892	33.3985018948	-67.77576699	32.5065018948	
893	33.1273988268	-67.6429550052	32.2343988268	
894	32.8568270068	-67.5079741958	31.9628270068	
895	32.58679511	-67.3708288118	31.69179511	
896	32.3173117948	-67.2315231727	31.4213117948	
897	32.0483857021	-67.0900616671	31.1513857021	
898	31.7800254554	-66.9464487527	30.8820254554	
899	31.5122396604	-66.8006889563	30.6132396604	
900	31.2450369046	-66.6527868736	30.3450369046	
901	30.9784257571	-66.5027471688	30.0774257571	
902	30.7124147684	-66.3505745749	29.8104147684	
903	30.4470124701	-66.196273893	29.5440124701	
904	30.1822273746	-66.0398499928	29.2782273746	
905	29.9180679746	-65.8813078118	29.0130679746	
906	29.6545427433	-65.7206523556	28.7485427433	
907	29.3916601339	-65.5578886975	28.4846601339	
908	29.1294285791	-65.3930219786	28.2214285791	
909	28.8678564912	-65.2260574072	27.9588564912	
910	28.6069522616	-65.0570002592	27.6969522616	
911	28.3467242605	-64.8858558773	27.4357242605	
912	28.087180837	-64.7126296713	27.175180837	
913	27.8283303183	-64.537327118	26.9153303183	
914	27.5701810099	-64.3599537606	26.6561810099	
915	27.3127411948	-64.1805152087	26.3977411948	
916	27.056019134	-63.9990171382	26.140019134	
917	26.8000230654	-63.8154652913	25.8830230654	
918	26.5447612043	-63.6298654758	25.6267612043	
919	26.2902417424	-63.4422235655	25.3712417424	
920	26.0364728481	-63.2525454994	25.1164728481	
921	25.7834626661	-63.0608372822	24.8624626661	
922	25.531219317	-62.8671049835	24.609219317	
923	25.279750897	-62.671354738	24.356750897	
924	25.0290654781	-62.4735927452	24.1050654781	
925	24.7791711071	-62.273825269	23.8541711071	
926	24.530075806	-62.0720586379	23.604075806	
927	24.2817875715	-61.8682992443	23.3547875715	
928	24.0343143745	-61.6625535449	23.1063143745	
929	23.7876641603	-61.4548280599	22.8586641603	
930	23.5418448481	-61.2451293732	22.6118448481	
931	23.2968643306	-61.033464132	22.3658643306	
932	23.0527304741	-60.8198390466	22.1207304741	
933	22.8094511179	-60.6042608904	21.8764511179	
934	22.5670340743	-60.3867364994	21.6330340743	
935	22.3254871283	-60.167272772	21.3904871283	
936	22.0848180372	-59.945876669	21.1488180372	
937	21.8450345306	-59.7225552133	20.9080345306	
938	21.6061443097	-59.4973154895	20.6681443097	
939	21.3681550477	-59.270164644	20.4291550477	
940	21.1310743892	-59.0411098844	20.1910743892	
941	20.8949099496	-58.8101584795	19.9539099496	
942	20.6596693157	-58.5773177591	19.7176693157	
943	20.4253600447	-58.3425951136	19.4823600447	
944	20.1919896642	-58.105997994	19.2479896642	
945	19.9595656722	-57.8675339113	19.0145656722	
946	19.7280955366	-57.6272104367	18.7820955366	
947	19.4975866949	-57.385035201	18.5505866949	
948	19.2680465541	-57.1410158945	18.3200465541	
949	19.0394824905	-56.8951602669	18.0904824905	
950	18.8119018494	-56.6474761269	17.8619018494	
951	18.5853119449	-56.3979713417	17.6343119449	
952	18.3597200595	-56.1466538372	17.4077200595	
953	18.1351334442	-55.8935315977	17.1821334442	
954	17.9115593178	-55.6386126653	16.9575593178	
955	17.6890048671	-55.3819051398	16.7340048671	
956	17.4674772466	-55.1234171787	16.5114772466	
957	17.2469835779	-54.8631569967	16.2899835779	
958	17.0275309499	-54.6011328653	16.0695309499	
959	16.8091264184	-54.3373531129	15.8501264184	
960	16.591777006	-54.0718261243	15.631777006	
961	16.3754897015	-53.8045603403	15.4144897015	
962	16.1602714601	-53.5355642579	15.1982714601	
963	15.9461292031	-53.2648464296	14.9831292031	
964	15.7330698173	-52.9924154632	14.7690698173	
965	15.5211001555	-52.7182800218	14.5561001555	
966	15.3102270354	-52.442448823	14.3442270354	
967	15.1004572401	-52.1649306393	14.1334572401	
968	14.8917975176	-51.8857342972	13.9237975176	
969	14.6842545804	-51.6048686774	13.7152545804	
970	14.4778351057	-51.322342714	13.5078351057	
971	14.2725457348	-51.0381653948	13.3015457348	
972	14.0683930732	-50.7523457607	13.0963930732	
973	13.8653836902	-50.4648929053	12.8923836902	
974	13.6635241186	-50.1758159748	12.6895241186	
975	13.4628208547	-49.8851241678	12.4878208547	
976	13.263280358	-49.5928267346	12.287280358	
977	13.064909051	-49.2989329775	12.087909051	
978	12.8677133191	-49.0034522499	11.8897133191	
979	12.6716995101	-48.7063939564	11.6926995101	
980	12.4768739343	-48.4077675525	11.4968739343	
981	12.2832428641	-48.107582544	11.3022428641	
982	12.0908125339	-47.8058484869	11.1088125339	
983	11.89958914	-47.5025749872	10.91658914	
984	11.70957884	-47.1977717003	10.72557884	
985	11.5207877532	-46.891448331	10.5357877532	
986	11.3332219599	-46.583614633	10.3472219599	
987	11.1468875014	-46.2742804087	10.1598875014	
988	10.9617903797	-45.9634555087	9.97379037969	
989	10.7779365577	-45.6511498318	9.78893655765	
990	10.5953319584	-45.3373733242	9.60533195833	
991	10.4139824651	-45.0221359799	9.42298246503	
992	10.2338939212	-44.7054478396	9.24189392111	
993	10.0550721298	-44.387318991	9.06207212975	
994	9.87752285379	-44.067759568	8.88352285379	
995	9.70125181552	-43.7467797509	8.70625181552	
996	9.52626469651	-43.4243897654	8.53026469651	
997	9.35256713745	-43.100599883	8.35556713745	
998	9.18016473792	-42.77542042	8.18216473792	
999	9.00906305624	-42.448861738	8.01006305624	
1000	8.83926760929	-42.1209342424	7.83926760929	
1001	8.67078387232	-41.7916483833	7.66978387232	
1002	8.50361727878	-41.4610146543	7.50161727878	
1003	8.33777322017	-41.1290435925	7.33477322017	
1004	8.1732570458	-40.7957457782	7.1692570458	
1005	8.01007406268	-40.4611318346	7.00507406268	
1006	7.84822953534	-40.1252124271	6.84222953534	
1007	7.68772868563	-39.7879982634	6.68072868563	
1008	7.52857669258	-39.4495000929	6.52057669258	
1009	7.37077869221	-39.1097287064	6.36177869221	
1010	7.21433977738	-38.768694936	6.20433977738	
1011	7.05926499764	-38.4264096542	6.04826499764	
1012	6.90555935902	-38.0828837742	5.89355935902	
1013	6.75322782393	-37.738128249	5.74022782393	
1014	6.60227531093	-37.3921540716	5.58827531093	
1015	6.45270669464	-37.0449722741	5.43770669464	
1016	6.30452680555	-36.6965939277	5.28852680555	
1017	6.15774042984	-36.3470301421	5.14074042984	
1018	6.01235230927	-35.9962920656	4.99435230927	
1019	5.868367141	-35.644390884	4.849367141	
1020	5.72578957747	-35.2913378212	4.70578957747	
1021	5.58462422618	-34.9371441378	4.56362422618	
1022	5.44487564963	-34.5818211316	4.42287564963	
1023	5.30654836511	-34.2253801368	4.28354836511	
1024	5.16964684456	-33.8678325237	4.14564684456	
1025	5.03417551446	-33.5091896985	4.00917551446	
1026	4.90013875567	-33.1494631026	3.87413875567	
1027	4.76754090326	-32.7886642126	3.74054090326	
1028	4.63638624641	-32.4268045398	3.60838624641	
1029	4.50667902825	-32.0638956298	3.47767902825	
1030	4.37842344573	-31.699949062	3.34842344573	
1031	4.25162364948	-31.3349764496	3.22062364948	
1032	4.12628374368	-30.9689894388	3.09428374368	
1033	4.00240778593	-30.6019997088	2.96940778593	
1034	3.87999978709	-30.234018971	2.84599978709	
1035	3.75906371121	-29.8650589693	2.72406371121	
1036	3.63960347533	-29.495131479	2.60360347533	
1037	3.52162294941	-29.1242483068	2.48462294941	
1038	3.40512595619	-28.7524212904	2.36712595619	
1039	3.29011627102	-28.3796622981	2.25111627102	
1040	3.17659762183	-28.0059832282	2.13659762183	
1041	3.06457368892	-27.6313960092	2.02357368892	
1042	2.95404810488	-27.2559125987	1.91204810488	
1043	2.84502445449	-26.8795449836	1.80202445449	
1044	2.73750627455	-26.5023051792	1.69350627455	
1045	2.63149705383	-26.1242052294	1.58649705383	
1046	2.52700023292	-25.7452572058	1.48100023292	
1047	2.42401920409	-25.3654732077	1.37701920409	
1048	2.32255731126	-24.9848653613	1.27455731126	
1049	2.22261784982	-24.6034458198	1.17361784982	
1050	2.12420406654	-24.2212267626	1.07420406654	
1051	2.02731915949	-23.8382203951	0.976319159482	
1052	1.93196627791	-23.4544389484	0.879966277901	
1053	1.83814852211	-23.0698946786	0.785148522107	
1054	1.7458689434	-22.6845998668	0.691868943392	
1055	1.65513054393	-22.2985668184	0.600130543925	
1056	1.56593627666	-21.9118078627	0.509936276651	
1057	1.4782890452	-21.5243353529	0.4212890452	
1058	1.39219170379	-21.1361616653	0.334191703788	
1059	1.30764705713	-20.7472991989	0.248647057127	
1060	1.22465786034	-20.3577603754	0.164657860331	
1061	1.14322681883	-19.9675576383	0.0822268188284	
1062	1.06335658828	-19.5767034528	0.00135658827514	
1063	0.985049774464	-19.1852103055	-0.0779502255363	
1064	0.908308933242	-18.7930907037	-0.155691066758	
1065	0.833136570427	-18.4003571752	-0.231863429573	
1066	0.759535141726	-18.0070222677	-0.306464858274	
1067	0.687507052655	-17.6130985489	-0.379492947345	
1068	0.617054658459	-17.2185986053	-0.450945341541	
1069	0.548180264038	-16.8235350426	-0.520819735962	
1070	0.480886123867	-16.4279204847	-0.589113876133	
1071	0.415174441928	-16.0317675737	-0.655825558072	
1072	0.351047371633	-15.6350889692	-0.720952628367	
1073	0.288507015756	-15.2378973482	-0.784492984244	
1074	0.227555426363	-14.8402054043	-0.846444573637	
1075	0.168194604746	-14.4420258477	-0.906805395254	
1076	0.110426501355	-14.0433714046	-0.965573498645	
1077	0.0542530157359	-13.6442548166	-1.02274698426	
1078	-0.000324003530621	-13.2446888407	-1.07832400353	
1079	-0.0533027588935	-12.8446862487	-1.13230275889	
1080	-0.104681503888	-12.4442598266	-1.18468150388	
1081	-0.154458543195	-12.0434223746	-1.23545854319	
1082	-0.202632232693	-11.6421867062	-1.28463223269	
1083	-0.249200979518	-11.2405656484	-1.33220097951	
1084	-0.294163242112	-10.8385720405	-1.37816324211	
1085	-0.337517530274	-10.4362187346	-1.42251753027	
1086	-0.379262405212	-10.0335185943	-1.46526240521	
1087	-0.41939647959	-9.63048449514	-1.50639647959	
1088	-0.457918417571	-9.22712932331	-1.54591841757	
1089	-0.494826934864	-8.82346597597	-1.58382693486	
1090	-0.530120798768	-8.41950736049	-1.62012079876	
1091	-0.56379882821	-8.0152663941	-1.65479882821	
1092	-0.595859893786	-7.61075600347	-1.68785989378	
1093	-0.6263029178	-7.20598912432	-1.7193029178	
1094	-0.655126874297	-6.80097870098	-1.74912687429	
1095	-0.682330789101	-6.39573768598	-1.7773307891	
1096	-0.707913739845	-5.99027903967	-1.80391373984	
1097	-0.731874856004	-5.58461572975	-1.828874856	
1098	-0.754213318923	-5.17876073091	-1.85221331892	
1099	-0.774928361847	-4.77272702435	-1.87392836184	
1100	-0.794019269944	-4.36652759746	-1.89401926994	
1101	-0.811485380334	-3.9601754433	-1.91248538033	
1102	-0.827326082107	-3.55368356026	-1.9293260821	
1103	-0.841540816348	-3.1470649516	-1.94454081634	
1104	-0.854129076155	-2.74033262507	-1.95812907615	
1105	-0.865090406655	-2.33349959246	-1.97009040665	
1106	-0.874424405025	-1.92657886921	-1.98042440502	
1107	-0.882130720502	-1.51958347397	-1.9891307205	
1108	-0.888209054398	-1.1125264282	-1.99620905439	
1109	-0.89265916011	-0.705420755772	-2.00165916011	
1110	-0.895480843133	-0.298279482491	-2.00548084313	
1111	-0.896673961063	0.108884364254	-2.00767396106	
1112	-0.896238423606	0.516057755943	-2.0082384236	
1113	-0.894174192583	0.923227663332	-2.00717419258	
1114	-0.890481281929	1.33038105688	-2.00448128192	
1115	-0.885159757702	1.73750490713	-2.0001597577	
1116	-0.878209738073	2.14458618519	-1.99420973807	
1117	-0.869631393333	2.5516118631	-1.98663139333	
1118	-0.85942494588	2.95856891425	-1.97742494588	
1119	-0.847590670223	3.36544431381	-1.96659067022	
1120	-0.834128892968	3.77222503917	-1.95412889296	
1121	-0.819039992811	4.17889807032	-1.94003999281	
1122	-0.80232440053	4.58545039026	-1.92432440053	
1123	-0.783982598969	4.99186898546	-1.90698259896	
1124	-0.764015123027	5.39814084626	-1.88801512302	
1125	-0.742422559642	5.80425296724	-1.86742255964	
1126	-0.719205547773	6.21019234772	-1.84520554777	
1127	-0.694364778382	6.6159459921	-1.82136477838	
1128	-0.667900994414	7.02150091033	-1.79590099441	
1129	-0.639814990773	7.42684411828	-1.76881499077	
1130	-0.6101076143	7.83196263821	-1.7401076143	
1131	-0.578779763747	8.23684349912	-1.70977976374	
1132	-0.54583238975	8.64147373723	-1.67783238975	
1133	-0.511266494801	9.04584039635	-1.6442664948	
1134	-0.475083133216	9.44993052831	-1.60908313321	
1135	-0.437283411103	9.85373119337	-1.5722834111	
1136	-0.397868486329	10.2572294607	-1.53386848632	
1137	-0.356839568487	10.6604124086	-1.49383956848	
1138	-0.314197918853	11.0632671251	-1.45219791885	
1139	-0.269944850352	11.4657807085	-1.40894485035	
1140	-0.224081727518	11.8679402673	-1.36408172751	
1141	-0.176609966449	12.2697329211	-1.31760996644	
1142	-0.127531034765	12.6711458009	-1.26953103476	
1143	-0.0768464515623	13.0721660491	-1.21984645156	
1144	-0.024557787366	13.4727808207	-1.16855778736	
1145	0.0293333359168	13.872977283	-1.11566666408	
1146	0.0848252450488	14.2727426164	-1.06117475495	
1147	0.141916215514	14.6720640144	-1.00508378448	
1148	0.200604471572	15.0709286847	-0.947395528428	
1149	0.26088818631	15.4693238489	-0.88811181369	
1150	0.322765481706	15.8672367434	-0.827234518294	
1151	0.386234428679	16.2646546196	-0.764765571321	
1152	0.451293047157	16.6615647441	-0.700706952843	
1153	0.517939306133	17.0579543997	-0.635060693867	
1154	0.586171123732	17.4538108853	-0.567828876268	
1155	0.655986367273	17.8491215163	-0.499013632727	
1156	0.727382853338	18.2438736254	-0.428617146662	
1157	0.80035834784	18.6380545625	-0.35664165216	
1158	0.874910566089	19.0316516958	-0.283089433911	
1159	0.951037172872	19.4246524112	-0.207962827128	
1160	1.02873578252	19.8170441138	-0.131264217483	
1161	1.10800395898	20.2088142276	-0.0529960410282	
1162	1.18883921589	20.5999501959	0.026839215882	
1163	1.27123901667	20.9904394822	0.108239016666	
1164	1.3552007746	21.3802695701	0.191200774594	
1165	1.44072185288	21.7694279639	0.275721852874	
1166	1.52779956473	22.157902189	0.36179956473	
1167	1.61643117349	22.5456797925	0.449431173486	
1168	1.70661389266	22.9327483431	0.538613892656	
1169	1.79834488603	23.319095432	0.629344886028	
1170	1.89162126776	23.7047086729	0.721621267756	
1171	1.98644010245	24.0895757028	0.815440102447	
1172	2.08279840526	24.4736841819	0.910798405258	
1173	2.18069314199	24.8570217947	1.00769314199	
1174	2.28012122917	25.2395762496	1.10612122917	
1175	2.38107953417	25.6213352797	1.20607953417	
1176	2.48356487529	26.0022866435	1.30756487529	
1177	2.58757402186	26.3824181245	1.41057402186	
1178	2.69310369436	26.7617175323	1.51510369436	
1179	2.80015056449	27.1401727027	1.62115056449	
1180	2.9087112553	27.5177714982	1.7287112553	
1181	3.01878234129	27.8945018082	1.83778234129	
1182	3.13036034852	28.2703515494	1.94836034852	
1183	3.24344175472	28.6453086666	2.06044175472	
1184	3.35802298939	29.0193611326	2.17402298939	
1185	3.47410043392	29.3924969487	2.28910043392	
1186	3.59167042171	29.7647041452	2.40567042171	
1187	3.71072923829	30.1359707818	2.52372923829	
1188	3.83127312142	30.5062849479	2.64327312142	
1189	3.95329826121	30.875634763	2.76429826121	
1190	4.07680080026	31.2440083769	2.88680080026	
1191	4.20177683377	31.6113939705	3.01077683377	
1192	4.32822240965	31.9777797558	3.13622240965	
1193	4.45613352867	32.3431539765	3.26313352867	
1194	4.58550614458	32.7075049083	3.39150614458	
1195	4.71633616421	33.0708208591	3.52133616421	
1196	4.84861944765	33.4330901698	3.65261944765	
1197	4.98235180833	33.7943012143	3.78535180833	
1198	5.11752901318	34.1544423998	3.91952901318	
1199	5.25414678278	34.5135021677	4.05514678278	

